msm_id,target_anchor_prb_id,is_mesh,msm_type,af,succeed_count,fail_count,succeed_ratio
10509998,6323,False,http,6,1,6,0.14285714285714285
10509915,6323,True,http,6,1,934,0.0010695187165775401
10509997,6323,False,ping,6,1,6,0.14285714285714285
10509914,6323,True,ping,6,1,934,0.0010695187165775401
10509996,6323,False,traceroute,6,1,6,0.14285714285714285
10509913,6323,True,traceroute,6,1,933,0.0010706638115631692
10696150,6332,False,http,4,1,156,0.006369426751592357
10696141,6332,True,http,4,1,1006,0.0009930486593843098
10696153,6332,False,http,6,1,3,0.25
10696144,6332,True,http,6,1,934,0.0010695187165775401
10696149,6332,False,ping,4,1,156,0.006369426751592357
10696140,6332,True,ping,4,1,1006,0.0009930486593843098
10696152,6332,False,ping,6,1,3,0.25
10696143,6332,True,ping,6,1,934,0.0010695187165775401
10696148,6332,False,traceroute,4,1,156,0.006369426751592357
10696139,6332,True,traceroute,4,1,1006,0.0009930486593843098
10696151,6332,False,traceroute,6,1,3,0.25
10696142,6332,True,traceroute,6,1,933,0.0010706638115631692
88665929,6425,False,ping,6,1,121,0.00819672131147541
88535121,6425,True,ping,6,1,943,0.001059322033898305
88665928,6425,False,traceroute,6,1,121,0.00819672131147541
88535120,6425,True,traceroute,6,1,942,0.0010604453870625664
18085454,6438,False,http,6,1,5,0.16666666666666666
18085290,6438,True,http,6,1,934,0.0010695187165775401
18085453,6438,False,ping,6,1,5,0.16666666666666666
18085289,6438,True,ping,6,1,935,0.0010683760683760685
18085452,6438,False,traceroute,6,1,5,0.16666666666666666
18085288,6438,True,traceroute,6,1,934,0.0010695187165775401
18366743,6446,False,http,4,0,310,0.0
18366038,6446,True,http,4,0,1007,0.0
18366750,6446,False,http,6,0,7,0.0
18366041,6446,True,http,6,0,936,0.0
18366749,6446,False,ping,6,0,7,0.0
18366040,6446,True,ping,6,0,936,0.0
18366748,6446,False,traceroute,6,0,6,0.0
18366039,6446,True,traceroute,6,0,935,0.0
18392225,6448,False,http,4,1,37,0.02631578947368421
18392132,6448,True,http,4,1,1006,0.0009930486593843098
18392224,6448,False,ping,4,1,37,0.02631578947368421
18392130,6448,True,ping,4,1,1007,0.000992063492063492
18392223,6448,False,traceroute,4,1,37,0.02631578947368421
18392129,6448,True,traceroute,4,1,1007,0.000992063492063492
19949006,6513,False,http,4,0,265,0.0
19948895,6513,True,http,4,0,1007,0.0
19949005,6513,False,ping,4,0,265,0.0
19948894,6513,True,ping,4,0,1008,0.0
19949004,6513,False,traceroute,4,0,264,0.0
19948893,6513,True,traceroute,4,0,1008,0.0
20404938,6525,False,http,6,1,7,0.125
20404906,6525,True,http,6,1,934,0.0010695187165775401
20404937,6525,False,ping,6,1,7,0.125
20404905,6525,True,ping,6,1,935,0.0010683760683760685
20404936,6525,False,traceroute,6,1,7,0.125
20404904,6525,True,traceroute,6,1,934,0.0010695187165775401
20752303,6533,False,http,6,1,15,0.0625
20752023,6533,True,http,6,1,934,0.0010695187165775401
20752302,6533,False,ping,6,1,15,0.0625
20752022,6533,True,ping,6,1,935,0.0010683760683760685
20752301,6533,False,traceroute,6,1,15,0.0625
20752021,6533,True,traceroute,6,1,934,0.0010695187165775401
20920696,6538,False,http,6,1,13,0.07142857142857142
20920350,6538,True,http,6,1,934,0.0010695187165775401
20920695,6538,False,ping,6,1,13,0.07142857142857142
20920349,6538,True,ping,6,1,935,0.0010683760683760685
20920694,6538,False,traceroute,6,1,13,0.07142857142857142
20920348,6538,True,traceroute,6,1,934,0.0010695187165775401
20937927,6540,False,http,6,1,15,0.0625
20937763,6540,True,http,6,1,934,0.0010695187165775401
20937926,6540,False,ping,6,1,15,0.0625
20937762,6540,True,ping,6,1,935,0.0010683760683760685
20937925,6540,False,traceroute,6,1,15,0.0625
20937761,6540,True,traceroute,6,1,934,0.0010695187165775401
88140625,6543,False,http,4,1,120,0.008264462809917356
88122966,6543,True,http,4,1,1015,0.000984251968503937
21318259,6547,False,http,6,0,144,0.0
21295729,6547,True,http,6,0,936,0.0
88822071,6589,False,http,4,0,180,0.0
88534901,6589,True,http,4,0,997,0.0
88822074,6589,False,http,6,0,13,0.0
88534915,6589,True,http,6,0,927,0.0
88822070,6589,False,ping,4,0,180,0.0
88534900,6589,True,ping,4,0,997,0.0
88822073,6589,False,ping,6,0,13,0.0
88534914,6589,True,ping,6,0,928,0.0
88822069,6589,False,traceroute,4,0,179,0.0
88534897,6589,True,traceroute,4,0,997,0.0
88822072,6589,False,traceroute,6,0,13,0.0
88534913,6589,True,traceroute,6,0,927,0.0
22526256,6591,False,http,4,0,387,0.0
22525755,6591,True,http,4,0,1008,0.0
22526259,6591,False,http,6,0,26,0.0
22525758,6591,True,http,6,0,935,0.0
22526258,6591,False,ping,6,0,26,0.0
22525757,6591,True,ping,6,0,936,0.0
22526257,6591,False,traceroute,6,0,26,0.0
22525756,6591,True,traceroute,6,0,935,0.0
23836532,6718,False,http,6,1,45,0.021739130434782608
23834672,6718,True,http,6,1,935,0.0010683760683760685
23836531,6718,False,ping,6,1,45,0.021739130434782608
23834671,6718,True,ping,6,1,935,0.0010683760683760685
23836530,6718,False,traceroute,6,1,45,0.021739130434782608
23834670,6718,True,traceroute,6,1,934,0.0010695187165775401
88961273,6724,False,http,6,1,3,0.25
88756341,6724,True,http,6,1,942,0.0010604453870625664
88961272,6724,False,ping,6,1,3,0.25
88756340,6724,True,ping,6,1,943,0.001059322033898305
88961271,6724,False,traceroute,6,1,3,0.25
88756339,6724,True,traceroute,6,1,942,0.0010604453870625664
23871038,6725,False,http,6,0,39,0.0
23870647,6725,True,http,6,0,936,0.0
23871037,6725,False,ping,6,0,39,0.0
23870646,6725,True,ping,6,0,936,0.0
23871036,6725,False,traceroute,6,0,39,0.0
23870645,6725,True,traceroute,6,0,935,0.0
23961252,6738,False,http,4,0,185,0.0
23960715,6738,True,http,4,0,1009,0.0
23961258,6738,False,http,6,0,183,0.0
23960718,6738,True,http,6,0,936,0.0
23961251,6738,False,ping,4,0,186,0.0
23960714,6738,True,ping,4,0,1009,0.0
23961257,6738,False,ping,6,0,183,0.0
23960717,6738,True,ping,6,0,936,0.0
23961250,6738,False,traceroute,4,0,186,0.0
23960713,6738,True,traceroute,4,0,1009,0.0
23961256,6738,False,traceroute,6,0,183,0.0
23960716,6738,True,traceroute,6,0,935,0.0
24221161,6750,False,http,6,0,254,0.0
24218914,6750,True,http,6,0,935,0.0
24221160,6750,False,ping,6,0,254,0.0
24218913,6750,True,ping,6,0,936,0.0
24221159,6750,False,traceroute,6,0,254,0.0
24218912,6750,True,traceroute,6,0,935,0.0
24260225,6757,False,http,6,0,160,0.0
24259743,6757,True,http,6,0,935,0.0
24260224,6757,False,ping,6,0,160,0.0
24259742,6757,True,ping,6,0,936,0.0
24260223,6757,False,traceroute,6,0,160,0.0
24259741,6757,True,traceroute,6,0,935,0.0
25313152,6792,False,http,6,0,41,0.0
25311584,6792,True,http,6,0,935,0.0
25313151,6792,False,ping,6,0,41,0.0
25311583,6792,True,ping,6,0,936,0.0
25313150,6792,False,traceroute,6,0,41,0.0
25311582,6792,True,traceroute,6,0,935,0.0
26509371,6832,True,http,6,1,934,0.0010695187165775401
26509370,6832,True,ping,6,1,935,0.0010683760683760685
26509369,6832,True,traceroute,6,1,934,0.0010695187165775401
26513043,6833,True,http,4,1,1006,0.0009930486593843098
26513046,6833,True,http,6,1,934,0.0010695187165775401
89054423,6836,False,http,4,0,85,0.0
89054426,6836,False,http,6,0,90,0.0
89054422,6836,False,ping,4,0,85,0.0
89054425,6836,False,ping,6,0,90,0.0
89054421,6836,False,traceroute,4,0,85,0.0
89054424,6836,False,traceroute,6,0,90,0.0
26860072,6849,False,http,4,1,47,0.020833333333333332
26858349,6849,True,http,4,1,1007,0.000992063492063492
26860075,6849,False,http,6,1,58,0.01694915254237288
26858352,6849,True,http,6,1,934,0.0010695187165775401
27269461,6869,False,http,4,1,19,0.05
27269462,6869,False,http,4,1,19,0.05
27268742,6869,True,http,4,1,1007,0.000992063492063492
27269460,6869,False,ping,4,1,19,0.05
27268741,6869,True,ping,4,1,1007,0.000992063492063492
27269459,6869,False,traceroute,4,1,19,0.05
27268740,6869,True,traceroute,4,1,1007,0.000992063492063492
27312822,6872,False,http,6,0,84,0.0
27311954,6872,True,http,6,0,934,0.0
27312821,6872,False,ping,6,0,85,0.0
27311953,6872,True,ping,6,0,936,0.0
27312820,6872,False,traceroute,6,0,85,0.0
27311952,6872,True,traceroute,6,0,935,0.0
27425780,6874,False,http,6,0,170,0.0
27425048,6874,True,http,6,0,934,0.0
27425779,6874,False,ping,6,0,170,0.0
27425047,6874,True,ping,6,0,936,0.0
27425778,6874,False,traceroute,6,0,170,0.0
27425046,6874,True,traceroute,6,0,935,0.0
27472298,6875,False,http,6,1,25,0.038461538461538464
27471539,6875,True,http,6,1,934,0.0010695187165775401
27472297,6875,False,ping,6,1,25,0.038461538461538464
27471538,6875,True,ping,6,1,935,0.0010683760683760685
27472296,6875,False,traceroute,6,1,25,0.038461538461538464
27471537,6875,True,traceroute,6,1,934,0.0010695187165775401
27866832,6884,False,http,6,1,34,0.02857142857142857
27864942,6884,True,http,6,1,934,0.0010695187165775401
27866831,6884,False,ping,6,1,35,0.027777777777777776
27864941,6884,True,ping,6,1,935,0.0010683760683760685
27866830,6884,False,traceroute,6,1,35,0.027777777777777776
27864940,6884,True,traceroute,6,1,934,0.0010695187165775401
28097622,6891,False,http,6,1,89,0.011111111111111112
28095703,6891,True,http,6,1,934,0.0010695187165775401
28097621,6891,False,ping,6,1,89,0.011111111111111112
28095702,6891,True,ping,6,1,935,0.0010683760683760685
28097620,6891,False,traceroute,6,1,89,0.011111111111111112
89203017,6924,False,http,6,1,8,0.1111111111111111
88970044,6924,True,http,6,1,942,0.0010604453870625664
89203016,6924,False,ping,6,1,8,0.1111111111111111
88970043,6924,True,ping,6,1,943,0.001059322033898305
89203015,6924,False,traceroute,6,1,8,0.1111111111111111
88970042,6924,True,traceroute,6,1,942,0.0010604453870625664
29294770,6944,False,http,4,1,68,0.014492753623188406
29294772,6944,False,http,4,1,68,0.014492753623188406
29294664,6944,True,http,4,1,1008,0.0009910802775024777
29294775,6944,False,http,6,1,35,0.027777777777777776
29294778,6944,False,http,6,1,35,0.027777777777777776
29294667,6944,True,http,6,1,935,0.0010683760683760685
29294774,6944,False,ping,6,1,35,0.027777777777777776
29294777,6944,False,ping,6,1,35,0.027777777777777776
29294666,6944,True,ping,6,1,936,0.0010672358591248667
29294773,6944,False,traceroute,6,1,35,0.027777777777777776
29294776,6944,False,traceroute,6,1,35,0.027777777777777776
29294665,6944,True,traceroute,6,1,935,0.0010683760683760685
29786675,6945,False,http,4,1,257,0.003875968992248062
29786035,6945,True,http,4,1,1008,0.0009910802775024777
29786678,6945,False,http,6,1,8,0.1111111111111111
29786038,6945,True,http,6,1,935,0.0010683760683760685
29786677,6945,False,ping,6,1,8,0.1111111111111111
29786037,6945,True,ping,6,1,936,0.0010672358591248667
29786676,6945,False,traceroute,6,1,8,0.1111111111111111
29786036,6945,True,traceroute,6,1,935,0.0010683760683760685
29789738,6946,False,http,4,1,118,0.008403361344537815
29786042,6946,True,http,4,1,1009,0.0009900990099009901
29789743,6946,False,http,6,1,17,0.05555555555555555
29786045,6946,True,http,6,1,936,0.0010672358591248667
29789742,6946,False,ping,6,1,17,0.05555555555555555
29786044,6946,True,ping,6,1,937,0.0010660980810234541
29789741,6946,False,traceroute,6,1,17,0.05555555555555555
29786043,6946,True,traceroute,6,1,936,0.0010672358591248667
80069271,6947,False,http,4,1,222,0.004484304932735426
79346740,6947,True,http,4,1,1013,0.0009861932938856016
80069282,6947,False,http,6,1,52,0.018867924528301886
79346746,6947,True,http,6,1,940,0.0010626992561105207
80069281,6947,False,ping,6,1,52,0.018867924528301886
79346745,6947,True,ping,6,1,941,0.0010615711252653928
80069279,6947,False,traceroute,6,1,52,0.018867924528301886
79346744,6947,True,traceroute,6,1,940,0.0010626992561105207
29350249,6953,False,http,4,1,137,0.007246376811594203
29350250,6953,False,http,4,1,137,0.007246376811594203
29349586,6953,True,http,4,1,1008,0.0009910802775024777
29350253,6953,False,http,6,1,22,0.043478260869565216
29350256,6953,False,http,6,1,22,0.043478260869565216
29349589,6953,True,http,6,1,936,0.0010672358591248667
29350252,6953,False,ping,6,1,22,0.043478260869565216
29350255,6953,False,ping,6,1,22,0.043478260869565216
29349588,6953,True,ping,6,1,936,0.0010672358591248667
29350251,6953,False,traceroute,6,1,22,0.043478260869565216
29350254,6953,False,traceroute,6,1,22,0.043478260869565216
29349587,6953,True,traceroute,6,1,935,0.0010683760683760685
29351031,6954,False,http,4,1,106,0.009345794392523364
29350967,6954,True,http,4,1,1008,0.0009910802775024777
29351034,6954,False,http,6,1,27,0.03571428571428571
29350970,6954,True,http,6,1,935,0.0010683760683760685
29351033,6954,False,ping,6,1,27,0.03571428571428571
29350969,6954,True,ping,6,1,936,0.0010672358591248667
29351032,6954,False,traceroute,6,1,27,0.03571428571428571
29350968,6954,True,traceroute,6,1,935,0.0010683760683760685
79361020,6976,False,http,4,1,109,0.00909090909090909
79359775,6976,True,http,4,1,1013,0.0009861932938856016
79361023,6976,False,http,6,1,46,0.02127659574468085
79359778,6976,True,http,6,1,940,0.0010626992561105207
79361022,6976,False,ping,6,1,46,0.02127659574468085
79359777,6976,True,ping,6,1,941,0.0010615711252653928
79361021,6976,False,traceroute,6,1,46,0.02127659574468085
79359776,6976,True,traceroute,6,1,940,0.0010626992561105207
29652080,6977,False,http,4,1,155,0.00641025641025641
29650318,6977,True,http,4,1,1008,0.0009910802775024777
29652083,6977,False,http,6,1,50,0.0196078431372549
29650321,6977,True,http,6,1,935,0.0010683760683760685
29652082,6977,False,ping,6,1,50,0.0196078431372549
29650320,6977,True,ping,6,1,936,0.0010672358591248667
29652081,6977,False,traceroute,6,1,50,0.0196078431372549
29650319,6977,True,traceroute,6,1,935,0.0010683760683760685
29654477,6978,False,http,4,1,61,0.016129032258064516
29654479,6978,False,http,4,1,59,0.016666666666666666
29653972,6978,True,http,4,1,1007,0.000992063492063492
29654482,6978,False,http,6,1,32,0.030303030303030304
29654485,6978,False,http,6,1,32,0.030303030303030304
29653975,6978,True,http,6,1,935,0.0010683760683760685
29654481,6978,False,ping,6,1,34,0.02857142857142857
29654484,6978,False,ping,6,1,35,0.027777777777777776
29653974,6978,True,ping,6,1,936,0.0010672358591248667
29654480,6978,False,traceroute,6,1,33,0.029411764705882353
29654483,6978,False,traceroute,6,1,35,0.027777777777777776
29653973,6978,True,traceroute,6,1,935,0.0010683760683760685
29657340,6979,False,http,4,1,247,0.004032258064516129
29657339,6979,False,http,4,1,247,0.004032258064516129
29656931,6979,True,http,4,1,1008,0.0009910802775024777
29657343,6979,False,http,6,1,41,0.023809523809523808
29657346,6979,False,http,6,1,41,0.023809523809523808
29656934,6979,True,http,6,1,935,0.0010683760683760685
29657342,6979,False,ping,6,1,41,0.023809523809523808
29657345,6979,False,ping,6,1,41,0.023809523809523808
29656933,6979,True,ping,6,1,936,0.0010672358591248667
29657341,6979,False,traceroute,6,1,41,0.023809523809523808
29657344,6979,False,traceroute,6,1,41,0.023809523809523808
29656932,6979,True,traceroute,6,1,935,0.0010683760683760685
29692050,6980,False,http,4,1,75,0.013157894736842105
29692052,6980,False,http,4,1,75,0.013157894736842105
29691817,6980,True,http,4,1,1008,0.0009910802775024777
29692055,6980,False,http,6,1,33,0.029411764705882353
29692058,6980,False,http,6,1,33,0.029411764705882353
29691820,6980,True,http,6,1,935,0.0010683760683760685
29692054,6980,False,ping,6,1,35,0.027777777777777776
29692057,6980,False,ping,6,1,35,0.027777777777777776
29691819,6980,True,ping,6,1,936,0.0010672358591248667
29692053,6980,False,traceroute,6,1,35,0.027777777777777776
29692056,6980,False,traceroute,6,1,35,0.027777777777777776
29691818,6980,True,traceroute,6,1,935,0.0010683760683760685
29709927,6981,False,http,4,1,565,0.0017667844522968198
29706274,6981,True,http,4,1,1008,0.0009910802775024777
29709933,6981,False,http,6,1,24,0.04
29706296,6981,True,http,6,1,935,0.0010683760683760685
29709932,6981,False,ping,6,1,24,0.04
29706295,6981,True,ping,6,1,936,0.0010672358591248667
29709931,6981,False,traceroute,6,1,24,0.04
29706294,6981,True,traceroute,6,1,935,0.0010683760683760685
29717815,6982,False,http,4,1,116,0.008547008547008548
29717817,6982,False,http,4,1,116,0.008547008547008548
29716324,6982,True,http,4,1,1008,0.0009910802775024777
29717823,6982,False,http,6,1,45,0.021739130434782608
29717822,6982,False,http,6,1,45,0.021739130434782608
29716347,6982,True,http,6,1,935,0.0010683760683760685
29717820,6982,False,ping,6,1,45,0.021739130434782608
29717821,6982,False,ping,6,1,45,0.021739130434782608
29716346,6982,True,ping,6,1,936,0.0010672358591248667
29717818,6982,False,traceroute,6,1,45,0.021739130434782608
29717819,6982,False,traceroute,6,1,45,0.021739130434782608
29716345,6982,True,traceroute,6,1,935,0.0010683760683760685
79355433,6983,False,http,4,1,248,0.004016064257028112
79354269,6983,True,http,4,1,1013,0.0009861932938856016
79355436,6983,False,http,6,1,52,0.018867924528301886
79354272,6983,True,http,6,1,941,0.0010615711252653928
79355435,6983,False,ping,6,1,52,0.018867924528301886
79354271,6983,True,ping,6,1,941,0.0010615711252653928
79355434,6983,False,traceroute,6,1,52,0.018867924528301886
79354270,6983,True,traceroute,6,1,940,0.0010626992561105207
29727766,6984,False,http,4,1,309,0.0032258064516129032
29724244,6984,True,http,4,1,1008,0.0009910802775024777
29727793,6984,False,http,6,1,47,0.020833333333333332
29724247,6984,True,http,6,1,935,0.0010683760683760685
29727792,6984,False,ping,6,1,48,0.02040816326530612
29724246,6984,True,ping,6,1,936,0.0010672358591248667
29727790,6984,False,traceroute,6,1,48,0.02040816326530612
29724245,6984,True,traceroute,6,1,935,0.0010683760683760685
29744952,6986,False,http,4,0,230,0.0
29744955,6986,False,http,4,0,230,0.0
29743658,6986,True,http,4,0,1009,0.0
29744959,6986,False,http,6,0,42,0.0
29744962,6986,False,http,6,0,42,0.0
29743661,6986,True,http,6,0,936,0.0
29744958,6986,False,ping,6,0,42,0.0
29744961,6986,False,ping,6,0,42,0.0
29743660,6986,True,ping,6,0,937,0.0
29744957,6986,False,traceroute,6,0,42,0.0
29744960,6986,False,traceroute,6,0,42,0.0
29743659,6986,True,traceroute,6,0,936,0.0
29746846,6987,False,http,4,0,286,0.0
29746848,6987,False,http,4,0,286,0.0
29746740,6987,True,http,4,0,1010,0.0
29746851,6987,False,http,6,0,44,0.0
29746854,6987,False,http,6,0,44,0.0
29746743,6987,True,http,6,0,937,0.0
29746850,6987,False,ping,6,0,44,0.0
29746853,6987,False,ping,6,0,44,0.0
29746742,6987,True,ping,6,0,938,0.0
29746849,6987,False,traceroute,6,0,44,0.0
29746852,6987,False,traceroute,6,0,44,0.0
29746741,6987,True,traceroute,6,0,937,0.0
29749914,6988,False,http,4,1,186,0.0053475935828877
29748330,6988,True,http,4,1,1009,0.0009900990099009901
29749917,6988,False,http,6,1,33,0.029411764705882353
29748333,6988,True,http,6,1,936,0.0010672358591248667
29749916,6988,False,ping,6,1,33,0.029411764705882353
29748332,6988,True,ping,6,1,937,0.0010660980810234541
29749915,6988,False,traceroute,6,1,33,0.029411764705882353
29748331,6988,True,traceroute,6,1,936,0.0010672358591248667
29753381,6989,False,http,4,1,155,0.00641025641025641
29751737,6989,True,http,4,1,1009,0.0009900990099009901
29753384,6989,False,http,6,1,43,0.022727272727272728
29751741,6989,True,http,6,1,937,0.0010660980810234541
29753383,6989,False,ping,6,1,43,0.022727272727272728
29751740,6989,True,ping,6,1,937,0.0010660980810234541
29753382,6989,False,traceroute,6,1,43,0.022727272727272728
29751739,6989,True,traceroute,6,1,936,0.0010672358591248667
29758376,6990,False,http,4,1,165,0.006024096385542169
29758379,6990,False,http,4,1,165,0.006024096385542169
29756294,6990,True,http,4,1,1008,0.0009910802775024777
29758382,6990,False,http,6,1,33,0.029411764705882353
29758385,6990,False,http,6,1,33,0.029411764705882353
29756297,6990,True,http,6,1,934,0.0010695187165775401
29758381,6990,False,ping,6,1,35,0.027777777777777776
29758384,6990,False,ping,6,1,35,0.027777777777777776
29756296,6990,True,ping,6,1,936,0.0010672358591248667
29758380,6990,False,traceroute,6,1,35,0.027777777777777776
29758383,6990,False,traceroute,6,1,35,0.027777777777777776
29756295,6990,True,traceroute,6,1,935,0.0010683760683760685
79348708,6991,False,http,4,1,179,0.005555555555555556
79346732,6991,True,http,4,1,1013,0.0009861932938856016
79348711,6991,False,http,6,1,44,0.022222222222222223
79346737,6991,True,http,6,1,940,0.0010626992561105207
79348710,6991,False,ping,6,1,44,0.022222222222222223
79346736,6991,True,ping,6,1,941,0.0010615711252653928
79348709,6991,False,traceroute,6,1,44,0.022222222222222223
79346735,6991,True,traceroute,6,1,940,0.0010626992561105207
29764482,6992,False,http,4,1,176,0.005649717514124294
29764484,6992,False,http,4,1,176,0.005649717514124294
29762714,6992,True,http,4,1,1009,0.0009900990099009901
29764487,6992,False,http,6,1,34,0.02857142857142857
29764490,6992,False,http,6,1,34,0.02857142857142857
29762717,6992,True,http,6,1,936,0.0010672358591248667
29764486,6992,False,ping,6,1,34,0.02857142857142857
29764489,6992,False,ping,6,1,34,0.02857142857142857
29762716,6992,True,ping,6,1,937,0.0010660980810234541
29764485,6992,False,traceroute,6,1,34,0.02857142857142857
29764488,6992,False,traceroute,6,1,34,0.02857142857142857
29762715,6992,True,traceroute,6,1,936,0.0010672358591248667
29769207,6993,False,http,4,1,220,0.004524886877828055
29769206,6993,False,http,4,1,220,0.004524886877828055
29766765,6993,True,http,4,1,1008,0.0009910802775024777
29769210,6993,False,http,6,1,17,0.05555555555555555
29769214,6993,False,http,6,1,17,0.05555555555555555
29766768,6993,True,http,6,1,935,0.0010683760683760685
29769209,6993,False,ping,6,1,17,0.05555555555555555
29769213,6993,False,ping,6,1,17,0.05555555555555555
29766767,6993,True,ping,6,1,936,0.0010672358591248667
29769208,6993,False,traceroute,6,1,17,0.05555555555555555
29769212,6993,False,traceroute,6,1,17,0.05555555555555555
29766766,6993,True,traceroute,6,1,935,0.0010683760683760685
29777637,6995,False,http,4,1,148,0.006711409395973154
29775549,6995,True,http,4,1,1008,0.0009910802775024777
29777642,6995,False,http,6,1,25,0.038461538461538464
29775552,6995,True,http,6,1,935,0.0010683760683760685
29777641,6995,False,ping,6,1,25,0.038461538461538464
29775551,6995,True,ping,6,1,936,0.0010672358591248667
29777640,6995,False,traceroute,6,1,25,0.038461538461538464
29775550,6995,True,traceroute,6,1,935,0.0010683760683760685
29781561,6996,False,http,4,1,184,0.005405405405405406
29779919,6996,True,http,4,1,1008,0.0009910802775024777
29781564,6996,False,http,6,1,52,0.018867924528301886
29779922,6996,True,http,6,1,935,0.0010683760683760685
29781563,6996,False,ping,6,1,52,0.018867924528301886
29779921,6996,True,ping,6,1,936,0.0010672358591248667
29781562,6996,False,traceroute,6,1,52,0.018867924528301886
29779920,6996,True,traceroute,6,1,935,0.0010683760683760685
30855919,7012,False,ping,6,1,150,0.006622516556291391
30855074,7012,True,ping,6,2,936,0.0021321961620469083
30855918,7012,False,traceroute,6,1,150,0.006622516556291391
30855073,7012,True,traceroute,6,2,935,0.0021344717182497333
31743836,7025,False,http,4,1,129,0.007692307692307693
31743839,7025,False,http,6,0,178,0.0
31743835,7025,False,ping,4,1,129,0.007692307692307693
31743838,7025,False,ping,6,0,178,0.0
31743834,7025,False,traceroute,4,1,129,0.007692307692307693
31743837,7025,False,traceroute,6,0,178,0.0
32289033,7033,False,http,6,0,130,0.0
32289036,7033,False,http,6,0,130,0.0
32288064,7033,True,http,6,0,937,0.0
34501771,7048,False,http,6,1,317,0.0031446540880503146
34500480,7048,True,http,6,1,936,0.0010672358591248667
34501770,7048,False,ping,6,1,317,0.0031446540880503146
34500479,7048,True,ping,6,1,937,0.0010660980810234541
34501769,7048,False,traceroute,6,1,317,0.0031446540880503146
34500478,7048,True,traceroute,6,1,936,0.0010672358591248667
38816152,7070,False,http,6,1,40,0.024390243902439025
38816155,7070,False,http,6,1,40,0.024390243902439025
38813301,7070,True,http,6,1,936,0.0010672358591248667
38816151,7070,False,ping,6,1,40,0.024390243902439025
38816154,7070,False,ping,6,1,40,0.024390243902439025
38813300,7070,True,ping,6,1,937,0.0010660980810234541
38816149,7070,False,traceroute,6,1,40,0.024390243902439025
38816153,7070,False,traceroute,6,1,40,0.024390243902439025
38813299,7070,True,traceroute,6,1,936,0.0010672358591248667
40104951,7087,False,http,6,1,40,0.024390243902439025
40101897,7087,True,http,6,1,935,0.0010683760683760685
40104950,7087,False,ping,6,1,40,0.024390243902439025
40101896,7087,True,ping,6,1,937,0.0010660980810234541
40104949,7087,False,traceroute,6,1,40,0.024390243902439025
40101895,7087,True,traceroute,6,1,936,0.0010672358591248667
41397516,7102,False,http,6,0,38,0.0
41395678,7102,True,http,6,0,937,0.0
41575324,7105,False,http,6,1,110,0.009009009009009009
41575327,7105,False,http,6,1,110,0.009009009009009009
41573376,7105,True,http,6,1,935,0.0010683760683760685
41575323,7105,False,ping,6,1,110,0.009009009009009009
41575326,7105,False,ping,6,1,110,0.009009009009009009
41573375,7105,True,ping,6,1,937,0.0010660980810234541
41575322,7105,False,traceroute,6,1,110,0.009009009009009009
41575325,7105,False,traceroute,6,1,110,0.009009009009009009
41573374,7105,True,traceroute,6,1,936,0.0010672358591248667
41753445,7108,False,http,4,0,39,0.0
41751551,7108,True,http,4,0,1010,0.0
41753448,7108,False,http,6,0,73,0.0
41751556,7108,True,http,6,0,936,0.0
41753444,7108,False,ping,4,0,39,0.0
41751550,7108,True,ping,4,0,1010,0.0
41753447,7108,False,ping,6,0,74,0.0
41751555,7108,True,ping,6,0,938,0.0
41753443,7108,False,traceroute,4,0,38,0.0
41751549,7108,True,traceroute,4,0,1010,0.0
41753446,7108,False,traceroute,6,0,74,0.0
41751554,7108,True,traceroute,6,0,937,0.0
41922939,7110,False,http,6,1,27,0.03571428571428571
41920950,7110,True,http,6,1,936,0.0010672358591248667
41922938,7110,False,ping,6,1,28,0.034482758620689655
41920949,7110,True,ping,6,1,937,0.0010660980810234541
41922937,7110,False,traceroute,6,1,27,0.03571428571428571
41920948,7110,True,traceroute,6,1,936,0.0010672358591248667
43858565,7126,False,http,4,0,49,0.0
43856344,7126,True,http,4,0,1010,0.0
43858568,7126,False,http,6,0,36,0.0
43856347,7126,True,http,6,0,937,0.0
43858567,7126,False,ping,6,1,35,0.027777777777777776
43856346,7126,True,ping,6,1,937,0.0010660980810234541
43858566,7126,False,traceroute,6,1,35,0.027777777777777776
43856345,7126,True,traceroute,6,1,936,0.0010672358591248667
45680728,7140,False,http,6,1,30,0.03225806451612903
45673934,7140,True,http,6,1,935,0.0010683760683760685
45680727,7140,False,ping,6,1,30,0.03225806451612903
45673933,7140,True,ping,6,1,937,0.0010660980810234541
45680726,7140,False,traceroute,6,1,30,0.03225806451612903
45673932,7140,True,traceroute,6,1,936,0.0010672358591248667
46896910,7150,False,http,6,1,40,0.024390243902439025
46894140,7150,True,http,6,1,935,0.0010683760683760685
46896909,7150,False,ping,6,1,40,0.024390243902439025
46894139,7150,True,ping,6,1,937,0.0010660980810234541
46896908,7150,False,traceroute,6,1,40,0.024390243902439025
46894138,7150,True,traceroute,6,1,936,0.0010672358591248667
47258853,7159,False,http,6,1,45,0.021739130434782608
47254410,7159,True,http,6,1,936,0.0010672358591248667
47258852,7159,False,ping,6,1,45,0.021739130434782608
47254409,7159,True,ping,6,1,937,0.0010660980810234541
47258851,7159,False,traceroute,6,1,45,0.021739130434782608
47254408,7159,True,traceroute,6,1,936,0.0010672358591248667
48881011,7171,False,http,6,0,46,0.0
48876260,7171,True,http,6,0,936,0.0
48881010,7171,False,ping,6,0,46,0.0
48876259,7171,True,ping,6,0,938,0.0
48881009,7171,False,traceroute,6,0,46,0.0
48876258,7171,True,traceroute,6,0,937,0.0
50757878,7184,False,http,4,0,277,0.0
50757880,7184,False,http,4,0,277,0.0
50755406,7184,True,http,4,0,1012,0.0
50757885,7184,False,http,6,0,121,0.0
50757888,7184,False,http,6,0,121,0.0
50755410,7184,True,http,6,0,939,0.0
50757877,7184,False,ping,4,0,277,0.0
50757879,7184,False,ping,4,0,277,0.0
50755405,7184,True,ping,4,0,1012,0.0
50757884,7184,False,ping,6,0,121,0.0
50757887,7184,False,ping,6,0,121,0.0
50755409,7184,True,ping,6,0,940,0.0
50757876,7184,False,traceroute,4,0,277,0.0
50755404,7184,True,traceroute,4,0,1012,0.0
50757883,7184,False,traceroute,6,0,121,0.0
50757886,7184,False,traceroute,6,0,121,0.0
50755408,7184,True,traceroute,6,0,939,0.0
50965392,7188,False,http,6,1,84,0.011764705882352941
50965391,7188,False,ping,6,1,84,0.011764705882352941
50965390,7188,False,traceroute,6,1,84,0.011764705882352941
51181227,7190,False,http,6,1,12,0.07692307692307693
51178556,7190,True,http,6,1,939,0.0010638297872340426
51181226,7190,False,ping,6,1,12,0.07692307692307693
51178555,7190,True,ping,6,1,939,0.0010638297872340426
51181225,7190,False,traceroute,6,1,12,0.07692307692307693
51178554,7190,True,traceroute,6,1,938,0.0010649627263045794
51480403,7199,False,http,6,2,79,0.024691358024691357
51472984,7199,True,http,6,1,938,0.0010649627263045794
51480402,7199,False,ping,6,2,79,0.024691358024691357
51472983,7199,True,ping,6,1,939,0.0010638297872340426
51480401,7199,False,traceroute,6,2,79,0.024691358024691357
51472982,7199,True,traceroute,6,1,938,0.0010649627263045794
53170007,7212,False,http,4,1,41,0.023809523809523808
53163836,7212,True,http,4,1,1009,0.0009900990099009901
53170006,7212,False,ping,4,1,41,0.023809523809523808
53163835,7212,True,ping,4,1,1009,0.0009900990099009901
53170005,7212,False,traceroute,4,1,41,0.023809523809523808
53163834,7212,True,traceroute,4,1,1009,0.0009900990099009901
55641026,7236,False,http,6,1,46,0.02127659574468085
55630529,7236,True,http,6,1,940,0.0010626992561105207
55641025,7236,False,ping,6,1,46,0.02127659574468085
55630528,7236,True,ping,6,1,940,0.0010626992561105207
55641024,7236,False,traceroute,6,1,46,0.02127659574468085
55630527,7236,True,traceroute,6,1,939,0.0010638297872340426
57620716,7240,False,http,4,0,42,0.0
57617889,7240,True,http,4,0,961,0.0
57620715,7240,False,ping,4,1,41,0.023809523809523808
57617888,7240,True,ping,4,0,961,0.0
57620714,7240,False,traceroute,4,1,41,0.023809523809523808
57617887,7240,True,traceroute,4,0,961,0.0
62041139,7268,False,http,4,1,39,0.025
62035938,7268,True,http,4,1,1012,0.0009871668311944718
62041138,7268,False,ping,4,1,39,0.025
62035937,7268,True,ping,4,1,1012,0.0009871668311944718
62041137,7268,False,traceroute,4,1,39,0.025
62035936,7268,True,traceroute,4,1,1012,0.0009871668311944718
62545868,7275,False,http,6,1,35,0.027777777777777776
62542308,7275,True,http,6,1,939,0.0010638297872340426
62545867,7275,False,ping,6,1,35,0.027777777777777776
62542307,7275,True,ping,6,1,940,0.0010626992561105207
62545866,7275,False,traceroute,6,1,35,0.027777777777777776
62542306,7275,True,traceroute,6,1,939,0.0010638297872340426
64766619,7298,False,http,6,1,102,0.009708737864077669
64763100,7298,True,http,6,1,939,0.0010638297872340426
66413382,7308,False,http,6,1,49,0.02
66410854,7308,True,http,6,1,939,0.0010638297872340426
66413381,7308,False,ping,6,1,49,0.02
66410853,7308,True,ping,6,1,940,0.0010626992561105207
66413380,7308,False,traceroute,6,1,49,0.02
66410852,7308,True,traceroute,6,1,939,0.0010638297872340426
66425706,7310,False,http,6,0,53,0.0
66423685,7310,True,http,6,0,918,0.0
66425705,7310,False,ping,6,0,53,0.0
66423684,7310,True,ping,6,0,919,0.0
66425704,7310,False,traceroute,6,0,53,0.0
66423683,7310,True,traceroute,6,0,918,0.0
68271877,7323,False,http,6,1,52,0.018867924528301886
68270065,7323,True,http,6,1,939,0.0010638297872340426
68271876,7323,False,ping,6,1,53,0.018518518518518517
68270064,7323,True,ping,6,1,940,0.0010626992561105207
68271875,7323,False,traceroute,6,1,53,0.018518518518518517
68270063,7323,True,traceroute,6,1,939,0.0010638297872340426
72110548,7355,False,http,4,1,61,0.016129032258064516
72104389,7355,True,http,4,1,1012,0.0009871668311944718
72110547,7355,False,ping,4,1,63,0.015625
72104388,7355,True,ping,4,1,1012,0.0009871668311944718
72110546,7355,False,traceroute,4,1,62,0.015873015873015872
72104387,7355,True,traceroute,4,1,1012,0.0009871668311944718
79960032,7386,False,http,6,1,52,0.018867924528301886
79958909,7386,True,http,6,1,941,0.0010615711252653928
79960031,7386,False,ping,6,1,52,0.018867924528301886
79958908,7386,True,ping,6,1,941,0.0010615711252653928
79960030,7386,False,traceroute,6,1,52,0.018867924528301886
79958907,7386,True,traceroute,6,1,940,0.0010626992561105207
80445532,7402,False,http,6,1,84,0.011764705882352941
80440483,7402,True,http,6,1,941,0.0010615711252653928
80445531,7402,False,ping,6,1,84,0.011764705882352941
80440482,7402,True,ping,6,1,941,0.0010615711252653928
80445530,7402,False,traceroute,6,1,84,0.011764705882352941
80440481,7402,True,traceroute,6,1,940,0.0010626992561105207
80472066,7405,False,http,6,2,106,0.018518518518518517
80469966,7405,True,http,6,1,940,0.0010626992561105207
80833529,7410,False,http,4,0,40,0.0
80831598,7410,True,http,4,0,1014,0.0
80833534,7410,False,http,6,0,83,0.0
80831604,7410,True,http,6,0,941,0.0
80833528,7410,False,ping,4,0,40,0.0
80831597,7410,True,ping,4,0,1014,0.0
80833533,7410,False,ping,6,0,83,0.0
80831603,7410,True,ping,6,0,942,0.0
80833527,7410,False,traceroute,4,0,40,0.0
80831596,7410,True,traceroute,4,0,1014,0.0
80833532,7410,False,traceroute,6,0,83,0.0
80831602,7410,True,traceroute,6,0,941,0.0
80867281,7411,False,http,6,1,47,0.020833333333333332
80863129,7411,True,http,6,1,940,0.0010626992561105207
80867280,7411,False,ping,6,1,47,0.020833333333333332
80863128,7411,True,ping,6,1,941,0.0010615711252653928
80867279,7411,False,traceroute,6,1,47,0.020833333333333332
80863126,7411,True,traceroute,6,1,940,0.0010626992561105207
81012750,7412,False,http,6,0,42,0.0
81008773,7412,True,http,6,0,942,0.0
81012749,7412,False,ping,6,0,42,0.0
81008772,7412,True,ping,6,0,942,0.0
81012748,7412,False,traceroute,6,0,42,0.0
81008771,7412,True,traceroute,6,0,941,0.0
82561669,7422,False,http,6,1,96,0.010309278350515464
82559904,7422,True,http,6,1,940,0.0010626992561105207
82561668,7422,False,ping,6,1,91,0.010869565217391304
82559903,7422,True,ping,6,1,941,0.0010615711252653928
82561666,7422,False,traceroute,6,1,91,0.010869565217391304
82559902,7422,True,traceroute,6,1,940,0.0010626992561105207
85937834,7441,False,http,4,1,113,0.008771929824561403
85936598,7441,True,http,4,2,1013,0.0019704433497536944
85937837,7441,False,http,6,2,74,0.02631578947368421
85936601,7441,True,http,6,2,940,0.0021231422505307855
85937833,7441,False,ping,4,1,115,0.008620689655172414
85936597,7441,True,ping,4,2,1013,0.0019704433497536944
85937836,7441,False,ping,6,2,74,0.02631578947368421
85936600,7441,True,ping,6,2,941,0.0021208907741251328
85937832,7441,False,traceroute,4,1,114,0.008695652173913044
85936596,7441,True,traceroute,4,2,1013,0.0019704433497536944
85937835,7441,False,traceroute,6,2,74,0.02631578947368421
85936599,7441,True,traceroute,6,2,940,0.0021231422505307855
85991532,7451,False,http,4,0,123,0.0
85990001,7451,True,http,4,0,1015,0.0
85991531,7451,False,ping,4,0,124,0.0
85990000,7451,True,ping,4,0,1015,0.0
85991530,7451,False,traceroute,4,0,124,0.0
85989999,7451,True,traceroute,4,0,1015,0.0
86003360,7454,False,http,6,1,29,0.03333333333333333
86001407,7454,True,http,6,1,941,0.0010615711252653928
86003359,7454,False,ping,6,1,30,0.03225806451612903
86001406,7454,True,ping,6,1,942,0.0010604453870625664
86003358,7454,False,traceroute,6,1,30,0.03225806451612903
86001405,7454,True,traceroute,6,1,941,0.0010615711252653928
86027012,7461,False,http,4,1,46,0.02127659574468085
86027011,7461,False,ping,4,1,47,0.020833333333333332
86027010,7461,False,traceroute,4,1,47,0.020833333333333332
86931804,7478,False,http,6,1,238,0.0041841004184100415
86928276,7478,True,http,6,1,942,0.0010604453870625664
86931803,7478,False,ping,6,1,238,0.0041841004184100415
86928275,7478,True,ping,6,1,943,0.001059322033898305
86931802,7478,False,traceroute,6,1,238,0.0041841004184100415
86928274,7478,True,traceroute,6,1,942,0.0010604453870625664
89002269,7482,False,http,4,0,155,0.0
88990604,7482,True,http,4,0,1015,0.0
89021660,7483,False,http,6,1,23,0.041666666666666664
89010267,7483,True,http,6,1,942,0.0010604453870625664
89021646,7483,False,ping,6,1,23,0.041666666666666664
89010266,7483,True,ping,6,1,943,0.001059322033898305
89021637,7483,False,traceroute,6,1,23,0.041666666666666664
89010265,7483,True,traceroute,6,1,942,0.0010604453870625664
91284060,7491,False,http,4,0,173,0.0
91272246,7491,True,http,4,0,1015,0.0
91284063,7491,False,http,6,1,171,0.005813953488372093
91272250,7491,True,http,6,1,942,0.0010604453870625664
91284062,7491,False,ping,6,1,171,0.005813953488372093
91272249,7491,True,ping,6,1,943,0.001059322033898305
91284061,7491,False,traceroute,6,1,171,0.005813953488372093
91272248,7491,True,traceroute,6,1,942,0.0010604453870625664
99720375,7524,False,http,4,1,31,0.03125
99711823,7524,True,http,4,1,1015,0.000984251968503937
99720378,7524,False,http,6,2,34,0.05555555555555555
99711827,7524,True,http,6,1,942,0.0010604453870625664
99720374,7524,False,ping,4,2,30,0.0625
99711822,7524,True,ping,4,1,1015,0.000984251968503937
99720373,7524,False,traceroute,4,2,30,0.0625
99711821,7524,True,traceroute,4,1,1015,0.000984251968503937
103872569,7533,False,http,4,1,36,0.02702702702702703
103854110,7533,True,http,4,1,1016,0.0009832841691248771
104406574,7536,False,http,4,1,84,0.011764705882352941
104398439,7536,True,http,4,1,1016,0.0009832841691248771
104406573,7536,False,ping,4,1,85,0.011627906976744186
104398438,7536,True,ping,4,1,1016,0.0009832841691248771
104406572,7536,False,traceroute,4,1,84,0.011764705882352941
104398437,7536,True,traceroute,4,1,1016,0.0009832841691248771
104755829,7538,False,http,6,0,73,0.0
104748061,7538,True,http,6,0,945,0.0
104755828,7538,False,ping,6,0,73,0.0
104748060,7538,True,ping,6,0,945,0.0
104755827,7538,False,traceroute,6,0,73,0.0
104748059,7538,True,traceroute,6,0,944,0.0
108734284,7550,False,http,4,1,31,0.03125
108727964,7550,True,http,4,1,1017,0.0009823182711198428
108734288,7550,False,http,6,1,122,0.008130081300813009
108727968,7550,True,http,6,1,944,0.0010582010582010583
112423856,7569,False,http,6,0,69,0.0
112415479,7569,True,http,6,0,946,0.0
112423855,7569,False,ping,6,0,69,0.0
112415477,7569,True,ping,6,0,947,0.0
112423854,7569,False,traceroute,6,0,69,0.0
112415476,7569,True,traceroute,6,0,946,0.0
117010229,7583,False,http,4,1,68,0.014492753623188406
116993987,7583,True,http,4,1,1018,0.0009813542688910696
117010228,7583,False,ping,4,1,68,0.014492753623188406
116993986,7583,True,ping,4,1,1018,0.0009813542688910696
117010227,7583,False,traceroute,4,1,68,0.014492753623188406
116993985,7583,True,traceroute,4,1,1018,0.0009813542688910696
126933960,7597,True,http,4,1,1018,0.0009813542688910696
126933959,7597,True,ping,4,1,1018,0.0009813542688910696
126933958,7597,True,traceroute,4,1,1018,0.0009813542688910696
130482560,7617,False,http,6,1,58,0.01694915254237288
130482264,7617,True,http,6,1,945,0.0010570824524312897
130482559,7617,False,ping,6,1,58,0.01694915254237288
130482263,7617,True,ping,6,1,947,0.0010548523206751054
130482558,7617,False,traceroute,6,1,58,0.01694915254237288
130482262,7617,True,traceroute,6,1,946,0.0010559662090813093
132130579,7625,False,http,6,1,146,0.006802721088435374
132125642,7625,True,http,6,1,946,0.0010559662090813093
132528690,7630,False,http,6,1,72,0.0136986301369863
132526065,7630,True,http,6,1,947,0.0010548523206751054
132528689,7630,False,ping,6,1,72,0.0136986301369863
132526064,7630,True,ping,6,1,947,0.0010548523206751054
132528688,7630,False,traceroute,6,1,72,0.0136986301369863
132526063,7630,True,traceroute,6,1,946,0.0010559662090813093
135679618,7638,False,http,6,1,118,0.008403361344537815
135676498,7638,True,http,6,1,946,0.0010559662090813093
135679617,7638,False,ping,6,1,118,0.008403361344537815
135676497,7638,True,ping,6,1,947,0.0010548523206751054
135679616,7638,False,traceroute,6,1,118,0.008403361344537815
135676496,7638,True,traceroute,6,1,946,0.0010559662090813093
136126706,7643,False,http,6,1,105,0.009433962264150943
136121885,7643,True,http,6,1,947,0.0010548523206751054
136126705,7643,False,ping,6,1,106,0.009345794392523364
136121884,7643,True,ping,6,1,948,0.001053740779768177
136126704,7643,False,traceroute,6,1,105,0.009433962264150943
136121883,7643,True,traceroute,6,1,947,0.0010548523206751054
137601835,7648,False,http,6,0,47,0.0
137591292,7648,True,http,6,0,948,0.0
137601834,7648,False,ping,6,0,47,0.0
137591291,7648,True,ping,6,0,949,0.0
137601833,7648,False,traceroute,6,0,47,0.0
137591290,7648,True,traceroute,6,0,948,0.0
140020904,7653,False,http,4,2,104,0.018867924528301886
140017419,7653,True,http,4,2,1017,0.001962708537782139
142955811,7665,False,http,6,1,47,0.020833333333333332
142953109,7665,True,http,6,1,948,0.001053740779768177
142955810,7665,False,ping,6,1,47,0.020833333333333332
142953108,7665,True,ping,6,1,948,0.001053740779768177
142955809,7665,False,traceroute,6,1,47,0.020833333333333332
142953107,7665,True,traceroute,6,1,947,0.0010548523206751054
143413028,7670,False,http,6,1,51,0.019230769230769232
143410495,7670,True,http,6,1,947,0.0010548523206751054
143413026,7670,False,ping,6,1,51,0.019230769230769232
143410494,7670,True,ping,6,1,948,0.001053740779768177
143413025,7670,False,traceroute,6,1,51,0.019230769230769232
143410493,7670,True,traceroute,6,1,947,0.0010548523206751054
145223074,7677,False,http,6,2,57,0.03389830508474576
145223073,7677,False,ping,6,2,57,0.03389830508474576
145223072,7677,False,traceroute,6,2,57,0.03389830508474576
150377468,7692,False,http,4,1,166,0.005988023952095809
150370271,7692,True,http,4,1,1017,0.0009823182711198428
150377485,7692,False,http,6,1,60,0.01639344262295082
150370288,7692,True,http,6,1,946,0.0010559662090813093
150377484,7692,False,ping,6,1,60,0.01639344262295082
150370287,7692,True,ping,6,1,948,0.001053740779768177
150377483,7692,False,traceroute,6,1,60,0.01639344262295082
150370286,7692,True,traceroute,6,1,947,0.0010548523206751054
157617418,7713,False,http,6,1,55,0.017857142857142856
157616915,7713,True,http,6,1,947,0.0010548523206751054
157617417,7713,False,ping,6,1,55,0.017857142857142856
157616914,7713,True,ping,6,1,949,0.0010526315789473684
157617416,7713,False,traceroute,6,1,55,0.017857142857142856
157616913,7713,True,traceroute,6,1,948,0.001053740779768177
169549996,7748,False,http,4,0,175,0.0
169548165,7748,True,http,4,0,1023,0.0
169549995,7748,False,ping,4,0,176,0.0
169548164,7748,True,ping,4,0,1023,0.0
169549994,7748,False,traceroute,4,0,176,0.0
169548163,7748,True,traceroute,4,0,1023,0.0
190499515,7779,False,http,6,0,187,0.0
190148816,7779,True,http,6,0,947,0.0
190499514,7779,False,ping,6,0,188,0.0
190148815,7779,True,ping,6,0,953,0.0
190499512,7779,False,traceroute,6,0,188,0.0
190148814,7779,True,traceroute,6,0,953,0.0
192634384,7785,False,http,6,0,45,0.0
192620140,7785,True,http,6,0,953,0.0
192634383,7785,False,ping,6,0,45,0.0
192620139,7785,True,ping,6,0,953,0.0
192634382,7785,False,traceroute,6,0,45,0.0
192620138,7785,True,traceroute,6,0,953,0.0
203075755,7795,False,http,6,1,0,1.0
203066952,7795,True,http,6,1,952,0.001049317943336831
203075754,7795,False,ping,6,1,0,1.0
203066951,7795,True,ping,6,1,952,0.001049317943336831
203075753,7795,False,traceroute,6,1,0,1.0
203066950,7795,True,traceroute,6,1,952,0.001049317943336831
207153849,7797,False,http,6,2,0,1.0
207153848,7797,False,ping,6,2,0,1.0
207153847,7797,False,traceroute,6,2,0,1.0
207199573,7798,False,http,6,1,0,1.0
207199571,7798,False,ping,6,1,0,1.0
207199570,7798,False,traceroute,6,1,0,1.0
207245103,7799,False,http,6,2,0,1.0
207245102,7799,False,ping,6,2,0,1.0
207245101,7799,False,traceroute,6,2,0,1.0
207551938,7800,False,http,4,2,0,1.0
207551976,7800,False,http,6,1,0,1.0
207551937,7800,False,ping,4,2,0,1.0
207551975,7800,False,ping,6,1,0,1.0
207551936,7800,False,traceroute,4,2,0,1.0
207551973,7800,False,traceroute,6,1,0,1.0
